MB, LOCAL_SIZE, GigaMultsPerSecond, NUM_WORK_GROUPS
    1024	   8	       128	     0.017 
    1024	  16	        64	     0.015 
    1024	  32	        32	     0.012 
    1024	 128	         8	     0.018 
    1024	 256	         4	     0.017 
    1024	 512	         2	     0.017 
    4096	   8	       512	     0.043 
    4096	  16	       256	     0.075 
    4096	  32	       128	     0.062 
    4096	 128	        32	     0.082 
    4096	 256	        16	     0.057 
    4096	 512	         8	     0.049 
   16384	   8	      2048	     0.269 
   16384	  16	      1024	     0.289 
   16384	  32	       512	     0.303 
   16384	 128	       128	     0.167 
   16384	 256	        64	     0.291 
   16384	 512	        32	     0.224 
   65536	   8	      8192	     0.973 
   65536	  16	      4096	     1.100 
   65536	  32	      2048	     1.058 
   65536	 128	       512	     0.682 
   65536	 256	       256	     1.053 
   65536	 512	       128	     0.980 
  262144	   8	     32768	     0.720 
  262144	  16	     16384	     1.176 
  262144	  32	      8192	     0.922 
  262144	 128	      2048	     0.731 
  262144	 256	      1024	     0.867 
  262144	 512	       512	     1.038 
 1048576	   8	    131072	     1.984 
 1048576	  16	     65536	     2.694 
 1048576	  32	     32768	     3.917 
 1048576	 128	      8192	     0.149 
 1048576	 256	      4096	     0.275 
 1048576	 512	      2048	     2.780 
 2097152	   8	    262144	     2.340 
 2097152	  16	    131072	     3.240 
 2097152	  32	     65536	     3.975 
 2097152	 128	     16384	     4.907 
 2097152	 256	      8192	     6.198 
 2097152	 512	      4096	     4.389 
 4194304	   8	    524288	     2.754 
 4194304	  16	    262144	     4.259 
 4194304	  32	    131072	     6.051 
 4194304	 128	     32768	     6.992 
 4194304	 256	     16384	     7.846 
 4194304	 512	      8192	     6.137 
 8388608	   8	   1048576	     3.058 
 8388608	  16	    524288	     5.374 
 8388608	  32	    262144	     7.863 
 8388608	 128	     65536	     9.824 
 8388608	 256	     32768	    11.224 
 8388608	 512	     16384	    11.251